[General]
background%20color%20blue=0.4000000059604645
background%20color%20green=0.4000000059604645
background%20color%20red=0.4000000059604645
edge_color%20blue=0
edge_color%20green=0
edge_color%20red=0
edge_thickness=5
edge_type=2
projection_type=0
vertex_color%20blue=0
vertex_color%20green=0.018722819164395332
vertex_color%20red=1
vertex_size=10
vertex_type=1
